INSERT INTO stops (location_id, route_id, position, time_from_departure)
VALUES
--	(1, 1, 1, '00:00'),
	(2, 1, 2, '00:05'),
	(3, 1, 3, '00:17'),
	(4, 1, 4, '00:24'),
	(5, 1, 5, '00:28'),
	(6, 1, 6, '00:37'),
	(7, 1, 7, '00:48'),
	(8, 1, 8, '00:58'),
	(9, 1, 9, '01:06'),
	(10, 1, 10, '01:20'),
	(11, 1, 11, '01:40'),
	(11, 2, 1, '00:00'),
	(12, 2, 2, '00:12'),
	(13, 2, 3, '00:29'),
	(14, 2, 4, '00:55'),
	(15, 2, 5, '01:29'),
	(16, 2, 6, '02:50'),
	(17, 2, 7, '03:02'),
	(17, 4, 1, '00:00'),
	(18, 4, 2, '00:39'),
	(19, 4, 3, '01:11'),
	(20, 4, 4, '01:30'),
	(21, 4, 5, '01:49'),
	(22, 4, 6, '02:05'),
	(23, 4, 7, '02:25'),
	(24, 4, 8, '03:03'),
	(1, 3, 1, '00:00'),
	(29, 3, 2, '00:29'),
	(28, 3, 3, '00:44'),
	(27, 3, 4, '01:17'),
	(26, 3, 5, '01:41'),
	(25, 3, 6, '02:01'),
	(24, 3, 7, '02:27')
	

INSERT INTO stops (location_id, route_id, position, minutes_from_departure)
VALUES
--	(1, 1, 1, 0),
	(2, 1, 2, 5),
	(3, 1, 3, 17),
	(4, 1, 4, 24),
	(5, 1, 5, 28),
	(6, 1, 6, 37),
	(7, 1, 7, 48),
	(8, 1, 8, 58),
	(9, 1, 9, 66),
	(10, 1, 10, 80),
	(11, 1, 11, 100),
	(11, 2, 1, 0),
	(12, 2, 2, 12),
	(13, 2, 3, 29),
	(14, 2, 4, 55),
	(15, 2, 5, 89),
	(16, 2, 6, 170),
	(17, 2, 7, 182),
	(17, 4, 1, 0),
	(18, 4, 2, 39),
	(19, 4, 3, 71),
	(20, 4, 4, 90),
	(21, 4, 5, 109),
	(22, 4, 6, 125),
	(23, 4, 7, 145),
	(24, 4, 8, 183),
	(1, 3, 1, 0),
	(29, 3, 2, 29),
	(28, 3, 3, 44),
	(27, 3, 4, 77),
	(26, 3, 5, 101),
	(25, 3, 6, 121),
	(24, 3, 7, 147)
	